[[0, 70, 70, 70, 3, 70, 70, 70, 70, 70, 70, 70],
[70, 0, 70, 3, 70, 70, 70, 70, 70, 70, 70, 70],
[70, 70, 0, 70, 70, 3, 70, 70, 70, 70, 70, 70],
[70, 3, 70, 0, 70, 70, 70, 70, 70, 70, 70, 70],
[3, 70, 70, 70, 0, 70, 70, 70, 3, 70, 70, 70],
[70, 70, 3, 70, 70, 0, 70, 70, 70, 70, 70, 3],
[70, 70, 70, 70, 70, 70, 0, 70, 70, 3, 70, 70],
[70, 70, 70, 70, 70, 70, 70, 0, 3, 70, 70, 70],
[70, 70, 70, 70, 3, 70, 70, 3, 0, 70, 70, 70],
[70, 70, 70, 70, 70, 70, 3, 70, 70, 0, 3, 70],
[70, 70, 70, 70, 70, 70, 70, 70, 70, 3, 0, 70],
[70, 70, 70, 70, 70, 3, 70, 70, 70, 70, 70, 0]]